423
870
662
735
230
155
407
363
303
542
242
292
294
507
288
743
339
828
9
883
826
822
0
70
14
740
729
669
604
217
223
182
161
137
114
129
128
424
426
421
422
443
440
444
417
442
439
459
466
452
427
425
431
432
435
400
490
488
465
467
497
489
493
401
360
496
539
547
525
502
545
532
135
543
213
238
253
252
251
250
264
248
260
261
249
265
297
301
290
298
296
274
278
245
504
511
341
762
759
786
725
282
283
342
751
748
749
753
752
742
739
785
787
790
829
778
779
764
763
772
771
773
774
770
776
810
807
884
815
812
813
808
809
811
8
462
449
460
463
475
10
877
876
891
885
890
886
888
830
824
831
827
842
837
825
852
855
833
850
846
889
2
13
91
46
51
50
45
47
3
34
35
37
38
66
659
660
658
657
661
656
668
655
848
715
838
653
719
730
314
664
691
733
625
560
592
626
580
563
280
273
621
637
616
608
612
594
606
239
240
236
206
590
588
593
602
601
205
208
232
189
215
222
221
214
231
212
228
218
181
174
194
603
199
190
198
157
639
635
636
640
176
170
133
140
85
120
92
412
99
94
100
88
95
96
108
115
645
123
127
121
125
122
111
126
